0.75 NaN 0.0 NaN 0.0 1.0e-5
0.75 NaN 0.0 NaN 0.0 0.01
0.75 -5.6276162510434035e-18 0.047014221382143465 -3.0635222451660737e-16 5.701772275870345e-17 0.05
0.75 -1.2775478647710023e-17 0.04701422138214348 1.2011560136256262e-14 3.3203230678508755e-17 0.1
0.755 NaN 0.0 NaN 0.0 1.0e-5
0.755 NaN 0.0 NaN 0.0 0.01
0.755 3.8374582935711865e-18 0.046056692912217145 -5.474507664025628e-15 1.4199226415205117e-17 0.05
0.755 -4.623826358728951e-18 0.046056692912217125 3.509981873894569e-13 -3.6337865591377563e-17 0.1
0.76 NaN 0.0 NaN 0.0 1.0e-5
0.76 NaN 0.0 NaN 0.0 0.01
0.76 -1.213719620889208e-17 0.04508618328256529 -2.726729606811819e-14 -1.5642522291536426e-16 0.05
0.76 8.850821172085828e-18 0.0450861832825653 1.1641634943695967e-16 -1.2839796354766063e-16 0.1
0.765 NaN 0.0 NaN 0.0 1.0e-5
0.765 NaN 0.0 NaN 0.0 0.01
0.765 1.4773325572712013e-17 0.04416647769353392 -7.640149556655356e-14 1.3854392580566057e-16 0.05
0.765 8.830543498465467e-18 0.044166477693533976 1.0421346368845175e-16 2.0899335859145495e-17 0.1
0.77 NaN 0.0 NaN 0.0 1.0e-5
0.77 NaN 0.0 NaN 0.0 0.01
0.77 -1.1907871727276862e-17 0.04323335517897236 -1.7170437146738311e-13 -4.517411933922113e-17 0.05
0.77 -1.5147733938350826e-17 0.04323335517897233 6.295302345282845e-16 -6.101991260231702e-17 0.1
0.775 NaN 0.0 NaN 0.0 1.0e-5
0.775 NaN 0.0 NaN 0.0 0.01
0.775 1.1297889975415135e-17 0.042278966876161436 -3.306982450942676e-13 1.146272232568072e-16 0.05
0.775 -1.551450061919351e-17 0.04227896687616145 1.452109974070926e-15 -4.580052836431091e-17 0.1
0.78 NaN 0.0 NaN 0.0 1.0e-5
0.78 NaN 0.0 NaN 0.0 0.01
0.78 -2.008889751569767e-18 0.04136702345224456 -5.508600433172653e-13 8.668345302500212e-17 0.05
0.78 8.133170341682623e-18 0.041367023452244564 3.615683682018714e-15 1.0648887067040837e-16 0.1
0.785 NaN 0.0 NaN 0.0 1.0e-5
0.785 NaN 0.0 NaN 0.0 0.01
0.785 4.137788258119934e-18 0.04044796632504879 -8.345448285248169e-13 3.41276837832648e-19 0.05
0.785 1.79223310797827e-17 0.04044796632504883 7.674913754085079e-15 1.518588012617672e-16 0.1
0.79 NaN 0.0 NaN 0.0 1.0e-5
0.79 2.0158907733705753e-17 0.03949855774399136 8.079858641022333e-17 3.0877550014662397e-17 0.01
0.79 1.0671557614036772e-17 0.039498557743991344 -1.0773144854696435e-16 1.2393511358423036e-17 0.05
0.79 1.793218043595901e-17 0.039498557743991365 1.56681925480512e-14 2.1041353537554438e-17 0.1
0.795 NaN 0.0 NaN 0.0 1.0e-5
0.795 -7.073307014651659e-18 0.03861313698287696 2.372276949444307e-13 -8.78124721310863e-18 0.01
0.795 -2.027675560558938e-17 0.03861313698287694 -1.8984182052741516e-16 -3.692663349504534e-17 0.05
0.795 -5.632008543086991e-18 0.03861313698287693 3.037469128439305e-14 -1.3783628525342077e-17 0.1
0.8 NaN 0.0 NaN 0.0 1.0e-5
0.8 -1.4763687974318045e-17 0.03770556111652991 1.87215755738906e-14 -1.4210888679987227e-17 0.01
0.8 -4.3327595081699684e-18 0.0377055611165299 -9.555306526956994e-17 -4.268305295025982e-17 0.05
0.8 -1.0795922700019222e-17 0.0377055611165299 5.712708259332964e-14 -3.798675855821217e-17 0.1
0.805 NaN 0.0 NaN 0.0 1.0e-5
0.805 -3.222114986000619e-17 0.03679075622234327 2.5214157870161674e-15 -2.4901696481996333e-17 0.01
0.805 -1.4142863585640343e-17 0.03679075622234325 -1.5801788311000214e-16 6.311720344790336e-17 0.05
0.805 -8.448234134409657e-18 0.036790756222343235 1.0570709345791875e-13 5.460253134719331e-17 0.1
0.81 NaN 0.0 NaN 0.0 1.0e-5
0.81 1.1434566083175377e-17 0.03591316680340259 5.602593937809389e-16 1.4200460774756752e-17 0.01
0.81 -1.265024691560465e-18 0.03591316680340256 -4.5153448747296836e-13 5.3624214635472955e-17 0.05
0.81 1.3367797195747188e-18 0.03591316680340261 1.8532827403683968e-13 -9.51730287700411e-17 0.1
0.815 NaN 0.0 NaN 0.0 1.0e-5
0.815 9.201116082059514e-18 0.03499994296358823 3.5500234948450254e-16 4.186246628036483e-17 0.01
0.815 7.553749821147938e-18 0.03499994296358827 5.568664305639201e-17 4.87621217871066e-17 0.05
0.815 2.8252245711825023e-18 0.03499994296358825 3.2937257201846783e-13 -5.401013720335693e-17 0.1
0.82 NaN 0.0 NaN 0.0 1.0e-5
0.82 -3.1906203115878e-17 0.034115967473036544 5.002120082023703e-13 -1.9556511118240128e-16 0.01
0.82 -2.4527099226541486e-17 0.03411596747303652 1.1211745112649053e-15 -1.737517126675361e-16 0.05
0.82 1.6717531146593223e-17 0.034115967473036565 5.681481762447681e-13 4.849257849155054e-17 0.1
0.825 NaN 0.0 NaN 0.0 1.0e-5
0.825 -1.4985316878226395e-17 0.033229107822736685 1.6827617149267398e-13 -2.3153875671719236e-17 0.01
0.825 -8.498168591456628e-18 0.03322910782273672 2.5319004847363764e-15 5.466269822311286e-18 0.05
0.825 -1.4889021356868655e-17 0.0332291078227367 9.7285631383721e-13 -3.0800188523518687e-17 0.1
0.83 NaN 0.0 NaN 0.0 1.0e-5
0.83 1.174982099063142e-17 0.032340260050711854 4.489015737788046e-14 1.9104476646376073e-17 0.01
0.83 1.2022313849416003e-17 0.03234026005071183 5.0974431436518995e-15 2.1242047734669238e-17 0.05
0.83 1.2595042529712475e-17 0.03234026005071184 5.892587478037559e-16 1.70075910581771e-17 0.1
0.835 NaN 0.0 NaN 0.0 1.0e-5
0.835 -6.8610637063570685e-18 0.031482326835594474 4.981542855921731e-15 -2.012569476531002e-17 0.01
0.835 -2.186846662064851e-17 0.03148232683559449 9.434198808919474e-15 -1.5960196075708558e-16 0.05
0.835 -1.0209827222469434e-17 0.03148232683559446 7.290062715982805e-16 -7.909750206618102e-18 0.1
0.84 NaN 0.0 NaN 0.0 1.0e-5
0.84 1.2854274052033371e-17 0.030597206297681666 -1.7192721084130223e-15 4.8745677095959593e-17 0.01
0.84 7.81732823807176e-18 0.03059720629768166 1.6408617904981028e-14 1.7809446804769437e-17 0.05
0.84 -1.2656176305363303e-18 0.030597206297681666 1.2588812509300542e-15 -7.959048011654593e-17 0.1
0.845 NaN 0.0 NaN 0.0 1.0e-5
0.845 -1.5847279649019067e-17 0.02973929875133405 4.5462136662744185e-15 -2.903845496840344e-17 0.01
0.845 -1.7368468872513812e-17 0.02973929875133405 2.724108602896945e-14 -2.2872343074593224e-17 0.05
0.845 -7.072288076752068e-18 0.029739298751334055 2.4540866765398137e-15 -2.853598097134122e-17 0.1
0.85 NaN 0.0 NaN 0.0 1.0e-5
0.85 -3.572427553707055e-18 0.02887345034037912 1.3682904485265677e-14 -1.1079805299114507e-16 0.01
0.85 -2.3055787531869136e-18 0.028873450340379133 4.3671634443395435e-14 -1.0459607402476285e-16 0.05
0.85 -7.715625804954356e-18 0.02887345034037913 4.779544910721134e-15 -9.603045709149856e-17 0.1
0.855 NaN 0.0 NaN 0.0 1.0e-5
0.855 1.4964113925609185e-18 0.027994722272473967 2.1994195902409028e-14 -5.065804943882494e-18 0.01
0.855 -2.0166491486975116e-18 0.02799472227247402 6.863655401280286e-14 5.975080747159667e-17 0.05
0.855 -1.037013241229138e-17 0.027994722272474005 9.090934306328262e-15 -1.6783641070270784e-17 0.1
0.86 NaN 0.0 NaN 0.0 1.0e-5
0.86 1.2809975647729508e-17 0.027154081603854126 2.7887684592555206e-14 7.539014602966437e-18 0.01
0.86 2.3403005683060902e-18 0.02715408160385412 1.0459173160371903e-13 -2.239691481417625e-17 0.05
0.86 -2.5672862956306383e-18 0.027154081603854113 1.8375320094061496e-14 9.282110679293679e-18 0.1
0.865 NaN 0.0 NaN 0.0 1.0e-5
0.865 8.734582327894839e-18 0.026305002589172875 3.163012182217706e-14 9.530413820677555e-17 0.01
0.865 -2.900693699264581e-18 0.02630500258917288 1.574525035812255e-13 -5.734075956212144e-18 0.05
0.865 -9.59856479417392e-19 0.026305002589172854 3.6895619913730865e-14 1.0974459132797017e-17 0.1
0.87 NaN 0.0 NaN 0.0 1.0e-5
0.87 6.297019016440149e-18 0.02546264044028323 3.3233313738549064e-14 -5.226983530371011e-18 0.01
0.87 -1.3672434026443604e-17 0.02546264044028326 2.3253604458956825e-13 -1.2282042414388896e-16 0.05
0.87 9.439924754489483e-18 0.025462640440283235 6.781927640597906e-14 -2.6058961200222776e-18 0.1
0.875 NaN 0.0 NaN 0.0 1.0e-5
0.875 -2.380633775655277e-20 0.02461344869007089 3.285677229856e-14 1.5742182092929524e-17 0.01
0.875 1.9524714695311237e-18 0.024613448690070934 3.408786720025951e-13 2.804116292893382e-17 0.05
0.875 6.5003099474685626e-18 0.024613448690070892 6.344989422819738e-14 2.2073179047169593e-17 0.1
0.88 NaN 0.0 NaN 0.0 1.0e-5
0.88 -1.4853560084777073e-17 0.0237665178842169 3.092393894000785e-14 -1.379742876490313e-17 0.01
0.88 1.1214947746639742e-17 0.02376651788421686 4.936480607607068e-13 8.43065254843047e-18 0.05
0.88 7.990967592463554e-18 0.023766517884216846 3.249018688735067e-13 1.2481536704173239e-17 0.1
0.885 NaN 0.0 NaN 0.0 1.0e-5
0.885 1.5514583253730716e-17 0.02292775545246697 2.8530427515587464e-14 2.932916869102021e-17 0.01
0.885 1.0189919369359917e-17 0.02292775545246705 7.043772810323833e-13 5.572835464284219e-17 0.05
0.885 3.5190420937027956e-18 0.022927755452467002 4.0344521300054477e-16 -7.153592003162436e-17 0.1
0.89 NaN 0.0 NaN 0.0 1.0e-5
0.89 2.7942055819310903e-18 0.022085653527434464 2.538199507893514e-14 7.462723023386186e-17 0.01
0.89 -1.464032763020951e-17 0.022085653527434482 2.758079755030315e-16 -4.3999892640398235e-17 0.05
0.89 NaN 0.0 NaN 0.0 0.1
0.895 NaN 0.0 NaN 0.0 1.0e-5
0.895 5.039900177423783e-17 0.02127865732022859 2.211636413414969e-14 1.4334909189110304e-16 0.01
0.895 1.2703253557051545e-17 0.021278657320228565 6.089901591487273e-16 -2.87760664368417e-17 0.05
0.895 NaN 0.0 NaN 0.0 0.1
0.9 NaN 0.0 NaN 0.0 1.0e-5
0.9 -3.4607583422821875e-19 0.02044292692997703 1.9262358738687398e-14 -7.119743987711474e-17 0.01
0.9 -4.807916565916317e-18 0.02044292692997705 1.101149332082725e-15 9.535930302307049e-18 0.05
0.9 NaN 0.0 NaN 0.0 0.1
0.905 NaN 0.0 NaN 0.0 1.0e-5
0.905 -1.9426412544220252e-17 0.01961885437862978 1.6255924794176036e-14 -3.630240720719452e-17 0.01
0.905 -6.4402633609736104e-18 0.019618854378629782 1.6614740792509908e-15 -3.1422959254484824e-17 0.05
0.905 NaN 0.0 NaN 0.0 0.1
0.91 NaN 0.0 NaN 0.0 1.0e-5
0.91 -2.537472585496656e-17 0.018791850060481303 1.379530623179734e-14 -4.556555947815633e-17 0.01
0.91 -1.9574886913101946e-17 0.0187918500604813 2.47829264880487e-15 -4.7871530944161176e-17 0.05
0.91 NaN 0.0 NaN 0.0 0.1
0.915 NaN 0.0 NaN 0.0 1.0e-5
0.915 -7.158733465042555e-18 0.01798227233613087 1.1027670352525834e-14 -3.425109189780419e-17 0.01
0.915 -1.0640626254300337e-17 0.017982272336130874 3.723219174815469e-15 -2.4962096606539844e-17 0.05
0.915 NaN 0.0 NaN 0.0 0.1
0.92 NaN 0.0 NaN 0.0 1.0e-5
0.92 3.3050995833007985e-18 0.01718526325682071 8.902331217362322e-15 6.382864602008057e-19 0.01
0.92 1.0158533785793487e-17 0.01718526325682067 5.3953522529467686e-15 5.312353880124122e-18 0.05
0.92 NaN 0.0 NaN 0.0 0.1
0.925 NaN 0.0 NaN 0.0 1.0e-5
0.925 1.8118513997606398e-18 0.016380176172039736 6.653408098559771e-15 1.7002054243132802e-17 0.01
0.925 -9.91838629792624e-18 0.016380176172039764 7.706465495454178e-15 4.89923773754628e-18 0.05
0.925 NaN 0.0 NaN 0.0 0.1
0.93 NaN 0.0 NaN 0.0 1.0e-5
0.93 -1.5250939284287968e-17 0.015561065231760917 4.9400086021322065e-15 -1.1213987557533152e-16 0.01
0.93 6.180227405751669e-18 0.015561065231760885 1.17806373969685e-14 3.65282694858663e-17 0.05
0.93 NaN 0.0 NaN 0.0 0.1
0.935 NaN 0.0 NaN 0.0 1.0e-5
0.935 -5.0745064175624386e-18 0.014741501029113285 3.3769426890699747e-15 1.3021030964169675e-18 0.01
0.935 4.072165939402275e-18 0.014741501029113292 1.7408582836257178e-14 -7.877144148640385e-18 0.05
0.935 NaN 0.0 NaN 0.0 0.1
0.94 NaN 0.0 NaN 0.0 1.0e-5
0.94 1.5822621583056615e-17 0.013956797236260246 2.389952119540642e-15 -1.72628056780056e-17 0.01
0.94 1.795330660104305e-17 0.01395679723626029 2.608693499973392e-14 3.461774854585168e-17 0.05
0.94 NaN 0.0 NaN 0.0 0.1
0.945 NaN 0.0 NaN 0.0 1.0e-5
0.945 7.188737072420184e-18 0.013165027499446397 1.5144322906613185e-15 -2.0686022002530446e-18 0.01
0.945 -1.6755234010501902e-17 0.013165027499446464 3.939152377538049e-14 -2.1532294238093105e-17 0.05
0.945 NaN 0.0 NaN 0.0 0.1
0.95 NaN 0.0 NaN 0.0 1.0e-5
0.95 1.373139030764686e-17 0.012367422522302015 6.264824774386043e-13 -3.174772026003204e-19 0.01
0.95 1.6499485494715387e-18 0.012367422522301847 5.98640265864097e-14 -9.763755634962585e-18 0.05
0.95 NaN 0.0 NaN 0.0 0.1
0.955 NaN 0.0 NaN 0.0 1.0e-5
0.955 -1.5610610126864904e-17 0.011576519327741919 2.475052804533439e-13 -2.0076161278725136e-17 0.01
0.955 -4.176487181397863e-18 0.011576519327741869 9.424160604088781e-14 -1.7785379651746912e-17 0.05
0.955 NaN 0.0 NaN 0.0 0.1
0.96 NaN 0.0 NaN 0.0 1.0e-5
0.96 6.487092585788473e-19 0.010782862681823425 5.6320931818593675e-14 1.0935051151095063e-17 0.01
0.96 1.3262208132195915e-17 0.010782862681823453 1.5111438082425834e-13 2.4302288433518988e-17 0.05
0.96 NaN 0.0 NaN 0.0 0.1
0.965 NaN 0.0 NaN 0.0 1.0e-5
0.965 8.767627212992326e-19 0.010015286057485619 -1.139159407931827e-13 -1.252287698219854e-17 0.01
0.965 1.0555525936839051e-18 0.010015286057485764 2.4190506600258483e-13 -8.24834806943443e-18 0.05
0.965 NaN 0.0 NaN 0.0 0.1
0.97 NaN 0.0 NaN 0.0 1.0e-5
0.97 -1.2926416003883532e-17 0.009233369060026952 1.0961583215870326e-13 -9.244716450884304e-17 0.01
0.97 1.1270392355393713e-17 0.009233369060027067 4.0113196154486686e-13 -4.6933573144970214e-17 0.05
0.97 NaN 0.0 NaN 0.0 0.1
0.975 NaN 0.0 NaN 0.0 1.0e-5
0.975 7.873260075688445e-18 0.008462917397774994 6.424271320471756e-13 3.243614271151108e-17 0.01
0.975 1.7592767203790625e-17 0.008462917397775018 6.910490718346204e-13 -1.3466088725706922e-17 0.05
0.975 NaN 0.0 NaN 0.0 0.1
0.98 NaN 0.0 NaN 0.0 1.0e-5
0.98 -2.958889018521377e-18 0.007671641718563953 4.5765738206327306e-15 -6.713424167149885e-18 0.01
0.98 -9.696660839813274e-18 0.0076716417185640085 2.2093804651330043e-15 -1.5451549142447505e-17 0.05
0.98 NaN 0.0 NaN 0.0 0.1
0.985 NaN 0.0 NaN 0.0 1.0e-5
0.985 -2.5964289684916547e-17 0.006901897644485132 1.4870567508862536e-14 -4.139163308072631e-17 0.01
0.985 -3.050737114574716e-17 0.006901897644485088 4.851626494511211e-15 -1.7541621456215408e-16 0.05
0.985 NaN 0.0 NaN 0.0 0.1
0.99 NaN 0.0 NaN 0.0 1.0e-5
0.99 -3.8947009106941455e-18 0.006137609741768785 4.567553185563596e-14 3.056887982364991e-17 0.01
0.99 1.1564843542268782e-17 0.006137609741768767 1.1063177137312382e-14 3.5600346558256724e-17 0.05
0.99 NaN 0.0 NaN 0.0 0.1
0.995 NaN 0.0 NaN 0.0 1.0e-5
0.995 -5.2506296247277475e-18 0.005361770700166674 1.3622212788446118e-13 -2.180575319700988e-17 0.01
0.995 -3.1166630313217e-18 0.005361770700166531 2.866463746329591e-14 -2.7244881639936592e-17 0.05
0.995 NaN 0.0 NaN 0.0 0.1
1.0 NaN 0.0 NaN 0.0 1.0e-5
1.0 -1.34763294792719e-17 0.004582792076140622 4.0493302915529006e-13 -1.8251546112983702e-18 0.01
1.0 -6.264453902013809e-18 0.004582792076140338 9.116261068382475e-14 -9.052766270546808e-17 0.05
1.0 NaN 0.0 NaN 0.0 0.1
1.005 NaN 0.0 NaN 0.0 1.0e-5
1.005 -1.0861665465639326e-17 0.003838259878353869 4.3937714296102445e-15 -8.405055027494547e-17 0.01
1.005 1.426162524217584e-17 0.0038382598783542757 3.507891008390829e-13 1.9818602386250995e-18 0.05
1.005 NaN 0.0 NaN 0.0 0.1
1.01 NaN 0.0 NaN 0.0 1.0e-5
1.01 -1.4393658885429587e-17 0.0030994858869958456 1.7033706016581704e-14 -9.303308769636467e-17 0.01
1.01 6.758145736068459e-20 0.0030994858869958296 1.053204611216257e-14 -8.167582977963123e-17 0.05
1.01 NaN 0.0 NaN 0.0 0.1
1.015 NaN 0.0 NaN 0.0 1.0e-5
1.015 3.634381889441217e-18 0.00233832014184862 8.822129752301933e-14 -9.686406463328722e-17 0.01
1.015 1.55094127398343e-17 0.002338320141848505 5.904760883877414e-15 -1.3623125421720117e-17 0.05
1.015 NaN 0.0 NaN 0.0 0.1
1.02 2.4769025307409132e-17 0.001562640019580795 1.4205227015855312e-14 1.1449927601590734e-16 1.0e-5
1.02 1.2114288464783709e-17 0.0015626400195837078 8.60063652607314e-13 7.756821769073012e-17 0.01
1.02 NaN 0.0 NaN 0.0 0.05
1.02 NaN 0.0 NaN 0.0 0.1
1.025 -7.729148498019405e-19 0.0008023489840512818 1.3016763901965856e-13 -2.966449699666224e-18 1.0e-5
1.025 -3.3794891701586966e-17 0.0008023489840526994 3.3113567962743613e-13 3.7582043704359926e-18 0.01
1.025 NaN 0.0 NaN 0.0 0.05
1.025 NaN 0.0 NaN 0.0 0.1
1.03 -1.3272091018388466e-16 3.712248901566107e-5 -3.066057477806217e-13 -5.299673561527103e-16 1.0e-5
1.03 -7.32379134178289e-16 3.712248901001439e-5 -2.4557287727103015e-13 -1.3427534263496098e-15 0.01
1.03 NaN 0.0 NaN 0.0 0.05
1.03 NaN 0.0 NaN 0.0 0.1
1.035 NaN 0.0 NaN 0.0 1.0e-5
1.035 NaN 0.0 NaN 0.0 0.01
1.035 NaN 0.0 NaN 0.0 0.05
1.035 NaN 0.0 NaN 0.0 0.1
1.04 NaN 0.0 NaN 0.0 1.0e-5
1.04 NaN 0.0 NaN 0.0 0.01
1.04 NaN 0.0 NaN 0.0 0.05
1.04 NaN 0.0 NaN 0.0 0.1
1.045 NaN 0.0 NaN 0.0 1.0e-5
1.045 NaN 0.0 NaN 0.0 0.01
1.045 NaN 0.0 NaN 0.0 0.05
1.045 NaN 0.0 NaN 0.0 0.1
